 303379748 3230228097 1369167491
2223298057 2985317987 3532816260
 112818957 1189058957 3219767678
2999092325 2302104082  698036307
  15983361  114806029 4197062130
 992211318  512609597  480518713
1993627629 1177417612  817258049
2097015289 3812041926 2579801395
3807872197 3574846122  233025563
1924134885 3151131255 3067962732
2301810194 1206705039 1096153731
2033215986 3883308750 2445923106
4093672168 3804909253  289679875
 777537884 3733858493 1339555999
2527811629 2997298789 3825349030
2985255523   91457290 2893798233
3225100928  274997536 2950095198
1433945514 3469528221 2260433165
3407888022 2307110931 1101816931
2260482061 2846348883 3709092280
 899669355 3936758485 1257878164
2165787138 3612753582 2848000850
 251652381 3888476879  658011724
 293882147   84501770  210420249
3849521866 2654030908 1195490444
2036907506 1160667530  877156966
 549761857 3964351704  881426025
1008792440 3297383049 2007285999
1975848427 1526883766  448955957
1665923526 1460999086  204784662
3732210364  353361194 3379897744
2245499403 3096952433 3444562840
1123172741  670192975  454027828
2647416891  486945594 2160340193
3206754942  178932501 3028870985
2027527153 1822182361  206392854
 824379234  641071948  184355348
1335973279 1203347855  133673486
2087561720 3687669943 2695768353
3485750943 2927465564  559325219
2915811419 1155413897 1761446096
2762879561 3894623952 3163222905
3959341271 2831678545 1127662180
1260466070  102596364 1158917768
3777810114 1683484104 2094317816
3145882231  519236925 2627693880
 151837458 3204776062 1242028690
 921010541  484042553  438016050
 265457439 3924555475  636917802
1121529733 3155462264 2261026573
 769284443  613108553  157223952
2683481663  353152810 2331377429
 739599192 3275700358 1759783632
3340373134 3459248796 4177140208
2100664826 2474490918 3922189778
 966137715 3515593891 1746551502
2543429679 3654455987 3183940986
2950190687  573115716 2378123547
2079915511 3852154571 2523768618
4077460198  757652314 3319807882
 349159721 4135772909  508354106
3981667546 2996811365  985904245
3666535093 4022244575 3940175316
1022433657  573701956  449779765
3899919568  352914218 3548045732
1442229675  124768014 1318509725
1851633116 3445537946 2702111008
4276056829 3790668483  485256760
 722398550  662301006   60088838
3017373287 2234594314  782639197
1534048694 2618198584 3210817404
1020364665 3693855928 1622516385
1249165204 1237736851   12337633
2185178116 2897726041 3582411179
1842047451 2801589837 3336473484
1823520729 3064211053 3055194474
3141919350 1698384330 1444452522
1528245686 1251176853  277068289
2735151686   41196292 2693955360
2077385207  882378601 1195923596
3664689844 1140952456 2523737386
 343726376 2526020653 2112541947
3821351111 2539428910 1282970265
2222449672  239158556 1983160042
4272400125  345900841 3927547858
2386006044 1127573382 1258301588
3979610330 2662843965 1317806237
 860792678 3092628592 2063123188
3119842419 1567726010 1552116409
 792376158 2101836282 2985507138
1787692501 2368009754 3714650043
3706716345  461857079 3245907808
1260861334 1614356928 3942389204
 321232678 3678804662  938435694
1050248061 1851723740 3494409089
1130452870 1006894968  124605964
1062902654 3985473755 1373444739
3888363215 1022176121 2867104596
4247315706 2965171809 1283191961
 194251031 3505748129  984518772
