2438612865
3775466147
1777170125
2338432338
1756673869
2728117949
1859259596
2404107526
3685301738
 525290935
3027598351
3101136718
3656267973
3524272061
 167584677
1111936458
2351485216
2564379421
2330425747
 664400787
 635534229
1446394670
 841421839
 542647242
1814659772
3211057674
1727471384
2245691529
1182385782
2051168558
3197598762
 826525489
4021545103
1134620666
 530921109
1383215641
1924653004
 264597327
1590482615
 826907164
        23
       197
        65
        56
        75
        49
       170
       164
        18
       104
        35
       125
       158
        66
       141
       153
       139
        79
       133
        68
       143
       153
        67
       110
       192
        62
        38
       100
       126
        22
     37715
4294893891
4294929679
4294955987
4294890687
     15716
     15511
4294954571
4294960198
     52314
     59721
4294872909
4294867546
4294911365
4294935093
4294944575
     33657
      1956
4294919568
     14218
     29675
     68014
     33116
4294937946
4294956829
4294868483
     98550
      1006
4294873287
4294894314
