         x
         x
         x
         x
         x
         x
         x
         x
         x
         x
3255828479
2791309311
1076887551
 435159039
4040163327
3814719487
1688207359
4129292287
 960495615
 235929599
 357564415
3523215359
3172990975
 878706687
1209008127
3416260607
3581935615
 278921215
 637534207
4042260479
4266655743
1561329663
1962934271
 821035007
1103101951
 356515839
2642411519
 654311423
 970981375
1264582655
2885681151
 350224383
4201644031
 713031679
4137680895
3504340991
4236247039
 704643071
2897215487
4069523455
 929038335
3463446527
3717201919
3069181951
2026897407
 170917887
2843738111
3660578815
2124414975
1267728383
4125097983
 537919487
3988783103
2932867071
1035993087
 173015039
4062183423
2429550591
3915382783
3273654271
1745879039
1887436799
1932525567
1396703231
3667918847
3839885311
2339373055
  12582911
1106247679
2536505343
1256194047
3227516927
2493513727
2413821951
1152385023
3515875327
2597322751
2828009471
2476736511
3546284031
3134193663
3212836863
 541065215
3509583871
 306184191
2874146815
3446669311
3141533695
2750414847
3828350975
