         x
         x
         x
         x
         x
         x
         x
         x
         x
         x
3267176441
2802826881
1086576032
 445583891
4050906301
3823783904
1697299614
4138683355
 970492350
 244911888
 366643931
3529740805
3182002179
 889616128
1216477778
3424897625
3590345323
 288028561
 645516414
4052619576
4276829264
1570918787
1971373857
 828571344
1110323558
 364179014
2650833936
 662938353
 980429896
1275037557
2895386648
1537040924
1000004040
3547124337
 755962254
 888413191
1880152643
 428285529
1380379425
1943263200
   6761044
   6226912
   6100707
   5840829
   6382956
   6268387
   5653535
   6667923
   6399696
   6129297
   6260680
   6142306
   6515515
   6554408
   6634229
   6269613
   6178920
   6156434
   6065897
   5977863
   5595957
  10640119
  24322147
4269536118
4237946950
4267722887
4246012068
4269186963
  19867065
  12410327
   3584154
  44640236
  76592744
4259488820
4175350378
4209420175
4239985607
4255205980
  12153776
  40288359
4281790808
4277703837
  30832540
  66468012
  61526245
  15849310
4283448819
4244280862
  14741621
  44632175
