         x
         x
         x
         x
         x
         x
         x
         x
         x
         x
3254416729
2786217403
1074331392
 435199829
4038163509
3814325110
1687048210
4129986359
 957471034
 233209892
 354934805
3515925821
3170571703
 876572338
1205948868
3413852053
3580469737
 277889715
 637089700
4041203864
4264233978
1559740681
1960047721
 817353364
1097301734
 353917356
2640852874
 651366567
 970185698
1265800913
2885888942
1524970832
 989474626
3537797575
 749644060
 882341345
1875121017
 423286727
1374781691
1938213182
    161652
    145728
    136777
    160927
    204970
    187109
    219901
    251885
    236972
    187751
    186580
    198356
    201905
    231450
    198725
    196163
    252226
    203628
    114255
    146929
    200737
   4984289
  17757611
4259562618
4225984868
4251846207
4229053526
4252726535
   6478575
   4238633
4287087664
  31989448
  62501282
4241610632
4158928842
4197561163
4225376089
4235895214
4291078470
  28981181
4270621324
4266123261
  22905978
  59747374
  50749931
   6892738
4276457269
4229825950
   3564635
  33700367
